1.
combinations_len = 5
classes, classes_flag = '0, 1, 2, 3, 4, 5, 6, 7, 8, 9', True
parameters = {
    'C': np.arange(1, 5.1, 1),
    'gamma': np.arange(0.01, 0.1, 0.01)
}



[[(2, 5, 6, 8, 9) (0.7557251908396947, 1.0)]
 [(1, 2, 4, 7, 8) (0.7862595419847328, 0.9962121212121212)]
 [(1, 2, 3, 7, 8) (0.7862595419847328, 1.0)]
 [(2, 3, 7, 8, 9) (0.7862595419847328, 1.0)]
 [(1, 2, 4, 8, 9) (0.7938931297709924, 1.0)]
 [(1, 2, 5, 8, 9) (0.7938931297709924, 1.0)]
 [(2, 3, 4, 7, 8) (0.7938931297709924, 1.0)]
 [(2, 3, 5, 7, 8) (0.8015267175572519, 0.9886363636363636)]
 [(1, 3, 4, 7, 8) (0.8015267175572519, 0.9924242424242424)]
 [(1, 2, 6, 8, 9) (0.8015267175572519, 1.0)]
 [(1, 3, 7, 8, 9) (0.8015267175572519, 1.0)]
 [(2, 3, 4, 8, 9) (0.8015267175572519, 1.0)]
 [(2, 3, 5, 8, 9) (0.8015267175572519, 1.0)]
 [(0, 3, 7, 8, 9) (0.8091603053435115, 1.0)]
 [(2, 4, 6, 8, 9) (0.8091603053435115, 1.0)]
 [(2, 5, 7, 8, 9) (0.8091603053435115, 1.0)]
 [(0, 2, 3, 7, 8) (0.816793893129771, 0.9886363636363636)]
 [(1, 3, 5, 8, 9) (0.816793893129771, 0.9886363636363636)]
 [(2, 3, 6, 7, 8) (0.816793893129771, 0.9962121212121212)]
 [(1, 2, 3, 4, 8) (0.816793893129771, 1.0)]
 [(1, 2, 4, 6, 8) (0.816793893129771, 1.0)]
 [(3, 4, 5, 8, 9) (0.816793893129771, 1.0)]
 [(1, 2, 7, 8, 9) (0.8244274809160306, 0.9962121212121212)]
 [(1, 2, 3, 5, 8) (0.8244274809160306, 1.0)]
 [(1, 2, 3, 8, 9) (0.8244274809160306, 1.0)]
 [(1, 2, 4, 5, 8) (0.8244274809160306, 1.0)]
 [(2, 3, 6, 8, 9) (0.8244274809160306, 1.0)]
 [(2, 4, 5, 8, 9) (0.8244274809160306, 1.0)]
 [(2, 4, 7, 8, 9) (0.8244274809160306, 1.0)]
 [(3, 4, 7, 8, 9) (0.8244274809160306, 1.0)]
 [(1, 5, 7, 8, 9) (0.8320610687022901, 0.9924242424242424)]
 [(0, 2, 5, 8, 9) (0.8320610687022901, 1.0)]
 [(0, 2, 6, 8, 9) (0.8320610687022901, 1.0)]
 [(1, 2, 3, 6, 8) (0.8320610687022901, 1.0)]
 [(1, 2, 6, 7, 8) (0.8320610687022901, 1.0)]
 [(1, 4, 5, 8, 9) (0.8320610687022901, 1.0)]
 [(2, 6, 7, 8, 9) (0.8320610687022901, 1.0)]
 [(3, 4, 6, 8, 9) (0.8320610687022901, 1.0)]
 [(3, 5, 7, 8, 9) (0.8320610687022901, 1.0)]
 [(1, 3, 6, 7, 8) (0.8396946564885496, 0.9848484848484849)]
 [(1, 2, 5, 7, 8) (0.8396946564885496, 0.9962121212121212)]
 [(1, 3, 4, 5, 8) (0.8396946564885496, 0.9962121212121212)]
 [(2, 3, 4, 6, 8) (0.8396946564885496, 0.9962121212121212)]
 [(1, 2, 3, 4, 5) (0.8396946564885496, 1.0)]
 [(1, 2, 3, 7, 9) (0.8396946564885496, 1.0)]
 [(1, 2, 5, 6, 8) (0.8473282442748091, 0.9962121212121212)]
 [(0, 2, 3, 8, 9) (0.8473282442748091, 1.0)]
 [(0, 5, 7, 8, 9) (0.8473282442748091, 1.0)]
 [(1, 2, 3, 4, 7) (0.8473282442748091, 1.0)]
 [(2, 3, 5, 7, 9) (0.8473282442748091, 1.0)]
 [(4, 5, 6, 8, 9) (0.8473282442748091, 1.0)]
 [(2, 3, 4, 7, 9) (0.8549618320610687, 0.9848484848484849)]
 [(0, 3, 4, 7, 8) (0.8549618320610687, 0.9962121212121212)]
 [(3, 5, 6, 8, 9) (0.8549618320610687, 0.9962121212121212)]
 [(0, 1, 3, 7, 8) (0.8549618320610687, 1.0)]
 [(0, 1, 6, 8, 9) (0.8549618320610687, 1.0)]
 [(0, 3, 4, 8, 9) (0.8549618320610687, 1.0)]
 [(0, 4, 5, 8, 9) (0.8549618320610687, 1.0)]
 [(0, 4, 7, 8, 9) (0.8549618320610687, 1.0)]
 [(1, 3, 4, 6, 8) (0.8549618320610687, 1.0)]
 [(1, 3, 4, 8, 9) (0.8549618320610687, 1.0)]
 [(1, 3, 5, 7, 8) (0.8549618320610687, 1.0)]
 [(1, 5, 6, 8, 9) (0.8549618320610687, 1.0)]
 [(3, 6, 7, 8, 9) (0.8549618320610687, 1.0)]
 [(4, 5, 7, 8, 9) (0.8549618320610687, 1.0)]
 [(0, 3, 6, 7, 8) (0.8625954198473282, 0.9810606060606061)]
 [(2, 3, 4, 5, 8) (0.8625954198473282, 0.9886363636363636)]
 [(0, 1, 2, 8, 9) (0.8625954198473282, 0.9962121212121212)]
 [(0, 1, 3, 4, 8) (0.8625954198473282, 0.9962121212121212)]
 [(0, 2, 3, 4, 8) (0.8625954198473282, 0.9962121212121212)]
 [(0, 1, 3, 8, 9) (0.8625954198473282, 1.0)]
 [(0, 2, 4, 8, 9) (0.8625954198473282, 1.0)]
 [(0, 2, 7, 8, 9) (0.8625954198473282, 1.0)]
 [(0, 3, 5, 8, 9) (0.8625954198473282, 1.0)]
 [(1, 2, 3, 6, 7) (0.8625954198473282, 1.0)]
 [(1, 2, 5, 6, 9) (0.8625954198473282, 1.0)]
 [(1, 3, 4, 5, 7) (0.8625954198473282, 1.0)]
 [(1, 4, 6, 8, 9) (0.8625954198473282, 1.0)]
 [(1, 6, 7, 8, 9) (0.8625954198473282, 1.0)]
 [(2, 3, 4, 6, 7) (0.8625954198473282, 1.0)]
 [(2, 3, 5, 6, 8) (0.8625954198473282, 1.0)]
 [(2, 5, 6, 7, 8) (0.8625954198473282, 1.0)]
 [(3, 4, 5, 6, 8) (0.8625954198473282, 1.0)]
 [(3, 4, 5, 7, 8) (0.8625954198473282, 1.0)]
 [(4, 6, 7, 8, 9) (0.8625954198473282, 1.0)]
 [(0, 1, 2, 3, 8) (0.8702290076335878, 0.9962121212121212)]
 [(0, 1, 2, 4, 8) (0.8702290076335878, 0.9962121212121212)]
 [(0, 1, 4, 8, 9) (0.8702290076335878, 1.0)]
 [(0, 1, 7, 8, 9) (0.8702290076335878, 1.0)]
 [(0, 2, 4, 6, 8) (0.8702290076335878, 1.0)]
 [(0, 4, 6, 8, 9) (0.8702290076335878, 1.0)]
 [(0, 5, 6, 8, 9) (0.8702290076335878, 1.0)]
 [(0, 6, 7, 8, 9) (0.8702290076335878, 1.0)]
 [(1, 2, 3, 4, 9) (0.8702290076335878, 1.0)]
 [(1, 2, 3, 5, 7) (0.8702290076335878, 1.0)]
 [(1, 2, 4, 6, 9) (0.8702290076335878, 1.0)]
 [(3, 4, 6, 7, 8) (0.8702290076335878, 1.0)]
 [(5, 6, 7, 8, 9) (0.8702290076335878, 1.0)]
 [(2, 3, 6, 7, 9) (0.8778625954198473, 0.9886363636363636)]
 [(0, 1, 2, 5, 8) (0.8778625954198473, 0.9962121212121212)]
 [(0, 3, 4, 6, 8) (0.8778625954198473, 0.9962121212121212)]
 [(1, 3, 4, 7, 9) (0.8778625954198473, 0.9962121212121212)]
 [(0, 1, 5, 8, 9) (0.8778625954198473, 1.0)]
 [(0, 2, 4, 5, 8) (0.8778625954198473, 1.0)]
 [(0, 2, 5, 7, 8) (0.8778625954198473, 1.0)]
 [(0, 3, 4, 5, 8) (0.8778625954198473, 1.0)]
 [(0, 3, 5, 7, 8) (0.8778625954198473, 1.0)]
 [(1, 3, 5, 6, 8) (0.8778625954198473, 1.0)]
 [(1, 4, 7, 8, 9) (0.8778625954198473, 1.0)]
 [(2, 3, 4, 5, 7) (0.8854961832061069, 0.9734848484848485)]
 [(1, 3, 5, 6, 7) (0.8854961832061069, 0.9886363636363636)]
 [(0, 1, 2, 7, 8) (0.8854961832061069, 0.9962121212121212)]
 [(0, 1, 5, 6, 8) (0.8854961832061069, 0.9962121212121212)]
 [(0, 2, 3, 5, 8) (0.8854961832061069, 0.9962121212121212)]
 [(2, 3, 5, 6, 9) (0.8854961832061069, 0.9962121212121212)]
 [(2, 4, 5, 6, 8) (0.8854961832061069, 0.9962121212121212)]
 [(0, 1, 3, 5, 8) (0.8854961832061069, 1.0)]
 [(0, 1, 3, 6, 8) (0.8854961832061069, 1.0)]
 [(0, 1, 4, 6, 8) (0.8854961832061069, 1.0)]
 [(0, 1, 5, 7, 8) (0.8854961832061069, 1.0)]
 [(0, 2, 3, 4, 7) (0.8854961832061069, 1.0)]
 [(0, 2, 3, 5, 7) (0.8854961832061069, 1.0)]
 [(0, 2, 5, 6, 8) (0.8854961832061069, 1.0)]
 [(0, 2, 6, 7, 8) (0.8854961832061069, 1.0)]
 [(0, 3, 4, 5, 7) (0.8854961832061069, 1.0)]
 [(0, 3, 6, 8, 9) (0.8854961832061069, 1.0)]
 [(1, 2, 3, 6, 9) (0.8854961832061069, 1.0)]
 [(1, 2, 5, 7, 9) (0.8854961832061069, 1.0)]
 [(1, 2, 6, 7, 9) (0.8854961832061069, 1.0)]
 [(1, 3, 4, 6, 7) (0.8854961832061069, 1.0)]
 [(1, 3, 5, 7, 9) (0.8854961832061069, 1.0)]
 [(1, 3, 6, 8, 9) (0.8854961832061069, 1.0)]
 [(2, 4, 5, 7, 8) (0.8854961832061069, 1.0)]
 [(2, 4, 6, 7, 8) (0.8854961832061069, 1.0)]
 [(0, 1, 2, 3, 5) (0.8931297709923665, 0.9962121212121212)]
 [(0, 1, 2, 6, 8) (0.8931297709923665, 0.9962121212121212)]
 [(0, 1, 3, 5, 7) (0.8931297709923665, 0.9962121212121212)]
 [(0, 3, 4, 7, 9) (0.8931297709923665, 0.9962121212121212)]
 [(1, 2, 3, 4, 6) (0.8931297709923665, 0.9962121212121212)]
 [(1, 2, 3, 5, 9) (0.8931297709923665, 0.9962121212121212)]
 [(3, 4, 6, 7, 9) (0.8931297709923665, 0.9962121212121212)]
 [(0, 2, 3, 4, 5) (0.8931297709923665, 1.0)]
 [(0, 2, 3, 6, 8) (0.8931297709923665, 1.0)]
 [(0, 3, 5, 7, 9) (0.8931297709923665, 1.0)]
 [(1, 2, 3, 5, 6) (0.8931297709923665, 1.0)]
 [(1, 2, 4, 7, 9) (0.8931297709923665, 1.0)]
 [(1, 2, 5, 6, 7) (0.8931297709923665, 1.0)]
 [(1, 4, 5, 6, 8) (0.8931297709923665, 1.0)]
 [(1, 4, 5, 7, 8) (0.8931297709923665, 1.0)]
 [(3, 4, 5, 6, 7) (0.8931297709923665, 1.0)]
 [(3, 5, 6, 7, 8) (0.9007633587786259, 0.9848484848484849)]
 [(2, 3, 4, 5, 9) (0.9007633587786259, 0.9886363636363636)]
 [(3, 4, 5, 6, 9) (0.9007633587786259, 0.9886363636363636)]
 [(0, 2, 3, 7, 9) (0.9007633587786259, 0.9924242424242424)]
 [(2, 3, 4, 6, 9) (0.9007633587786259, 0.9924242424242424)]
 [(0, 1, 2, 3, 4) (0.9007633587786259, 0.9962121212121212)]
 [(0, 1, 3, 4, 7) (0.9007633587786259, 1.0)]
 [(0, 1, 6, 7, 8) (0.9007633587786259, 1.0)]
 [(0, 2, 4, 7, 8) (0.9007633587786259, 1.0)]
 [(0, 3, 4, 6, 7) (0.9007633587786259, 1.0)]
 [(0, 3, 6, 7, 9) (0.9007633587786259, 1.0)]
 [(1, 2, 4, 5, 9) (0.9007633587786259, 1.0)]
 [(1, 3, 6, 7, 9) (0.9007633587786259, 1.0)]
 [(1, 4, 6, 7, 8) (0.9007633587786259, 1.0)]
 [(1, 5, 6, 7, 8) (0.9007633587786259, 1.0)]
 [(2, 5, 6, 7, 9) (0.9007633587786259, 1.0)]
 [(2, 3, 5, 6, 7) (0.9083969465648855, 0.9810606060606061)]
 [(1, 3, 4, 5, 6) (0.9083969465648855, 0.9886363636363636)]
 [(0, 1, 2, 4, 5) (0.9083969465648855, 0.9962121212121212)]
 [(0, 2, 3, 4, 9) (0.9083969465648855, 0.9962121212121212)]
 [(0, 1, 3, 4, 5) (0.9083969465648855, 1.0)]
 [(0, 2, 3, 6, 7) (0.9083969465648855, 1.0)]
 [(0, 2, 4, 6, 9) (0.9083969465648855, 1.0)]
 [(0, 3, 4, 5, 6) (0.9083969465648855, 1.0)]
 [(0, 3, 5, 6, 7) (0.9083969465648855, 1.0)]
 [(0, 3, 5, 6, 8) (0.9083969465648855, 1.0)]
 [(0, 4, 5, 6, 8) (0.9083969465648855, 1.0)]
 [(1, 2, 4, 5, 6) (0.9083969465648855, 1.0)]
 [(1, 3, 4, 5, 9) (0.9083969465648855, 1.0)]
 [(1, 4, 5, 6, 9) (0.9083969465648855, 1.0)]
 [(2, 3, 4, 5, 6) (0.916030534351145, 0.9810606060606061)]
 [(3, 5, 6, 7, 9) (0.916030534351145, 0.9924242424242424)]
 [(0, 1, 2, 5, 9) (0.916030534351145, 0.9962121212121212)]
 [(0, 1, 2, 6, 9) (0.916030534351145, 0.9962121212121212)]
 [(0, 3, 4, 6, 9) (0.916030534351145, 0.9962121212121212)]
 [(1, 3, 4, 6, 9) (0.916030534351145, 0.9962121212121212)]
 [(0, 1, 4, 5, 8) (0.916030534351145, 1.0)]
 [(0, 2, 3, 5, 9) (0.916030534351145, 1.0)]
 [(0, 2, 5, 6, 9) (0.916030534351145, 1.0)]
 [(0, 2, 5, 7, 9) (0.916030534351145, 1.0)]
 [(0, 3, 4, 5, 9) (0.916030534351145, 1.0)]
 [(0, 4, 5, 7, 8) (0.916030534351145, 1.0)]
 [(0, 5, 6, 7, 8) (0.916030534351145, 1.0)]
 [(1, 2, 4, 5, 7) (0.916030534351145, 1.0)]
 [(1, 2, 4, 6, 7) (0.916030534351145, 1.0)]
 [(2, 4, 5, 6, 9) (0.916030534351145, 1.0)]
 [(4, 5, 6, 7, 8) (0.916030534351145, 1.0)]
 [(0, 1, 3, 6, 7) (0.9236641221374046, 0.9659090909090909)]
 [(0, 1, 2, 3, 7) (0.9236641221374046, 0.9924242424242424)]
 [(0, 1, 2, 3, 9) (0.9236641221374046, 0.9962121212121212)]
 [(0, 5, 6, 7, 9) (0.9236641221374046, 0.9962121212121212)]
 [(0, 1, 3, 7, 9) (0.9236641221374046, 1.0)]
 [(0, 1, 4, 7, 8) (0.9236641221374046, 1.0)]
 [(0, 2, 3, 6, 9) (0.9236641221374046, 1.0)]
 [(0, 2, 6, 7, 9) (0.9236641221374046, 1.0)]
 [(1, 3, 5, 6, 9) (0.9236641221374046, 1.0)]
 [(1, 5, 6, 7, 9) (0.9236641221374046, 1.0)]
 [(3, 4, 5, 7, 9) (0.9312977099236641, 0.9810606060606061)]
 [(0, 1, 2, 4, 9) (0.9312977099236641, 0.9962121212121212)]
 [(2, 4, 6, 7, 9) (0.9312977099236641, 1.0)]
 [(0, 1, 3, 5, 9) (0.9389312977099237, 0.9962121212121212)]
 [(0, 2, 3, 5, 6) (0.9389312977099237, 0.9962121212121212)]
 [(0, 2, 4, 5, 9) (0.9389312977099237, 1.0)]
 [(0, 4, 5, 6, 9) (0.9389312977099237, 1.0)]
 [(0, 4, 6, 7, 8) (0.9389312977099237, 1.0)]
 [(1, 4, 5, 7, 9) (0.9389312977099237, 1.0)]
 [(2, 4, 5, 7, 9) (0.9389312977099237, 1.0)]
 [(0, 1, 2, 3, 6) (0.9465648854961832, 0.9962121212121212)]
 [(0, 1, 2, 7, 9) (0.9465648854961832, 0.9962121212121212)]
 [(0, 2, 3, 4, 6) (0.9465648854961832, 0.9962121212121212)]
 [(0, 1, 4, 5, 6) (0.9465648854961832, 1.0)]
 [(0, 1, 5, 6, 9) (0.9465648854961832, 1.0)]
 [(0, 2, 5, 6, 7) (0.9465648854961832, 1.0)]
 [(0, 3, 5, 6, 9) (0.9465648854961832, 1.0)]
 [(1, 4, 5, 6, 7) (0.9465648854961832, 1.0)]
 [(1, 4, 6, 7, 9) (0.9465648854961832, 1.0)]
 [(4, 5, 6, 7, 9) (0.9465648854961832, 1.0)]
 [(0, 1, 2, 4, 6) (0.9541984732824428, 0.9962121212121212)]
 [(0, 1, 2, 4, 7) (0.9541984732824428, 0.9962121212121212)]
 [(0, 1, 3, 5, 6) (0.9541984732824428, 0.9962121212121212)]
 [(0, 1, 3, 4, 6) (0.9541984732824428, 1.0)]
 [(0, 1, 3, 4, 9) (0.9541984732824428, 1.0)]
 [(0, 1, 3, 6, 9) (0.9541984732824428, 1.0)]
 [(0, 1, 4, 6, 9) (0.9541984732824428, 1.0)]
 [(0, 1, 5, 7, 9) (0.9541984732824428, 1.0)]
 [(0, 2, 4, 6, 7) (0.9541984732824428, 1.0)]
 [(0, 2, 4, 7, 9) (0.9541984732824428, 1.0)]
 [(0, 4, 5, 6, 7) (0.9541984732824428, 1.0)]
 [(0, 4, 5, 7, 9) (0.9541984732824428, 1.0)]
 [(2, 4, 5, 6, 7) (0.9541984732824428, 1.0)]
 [(0, 1, 5, 6, 7) (0.9618320610687023, 1.0)]
 [(0, 1, 6, 7, 9) (0.9618320610687023, 1.0)]
 [(0, 4, 6, 7, 9) (0.9618320610687023, 1.0)]
 [(0, 1, 2, 5, 7) (0.9694656488549618, 0.9924242424242424)]
 [(0, 1, 2, 5, 6) (0.9694656488549618, 0.9962121212121212)]
 [(0, 1, 2, 6, 7) (0.9694656488549618, 0.9962121212121212)]
 [(0, 1, 4, 6, 7) (0.9694656488549618, 1.0)]
 [(0, 2, 4, 5, 7) (0.9694656488549618, 1.0)]
 [(0, 1, 4, 5, 9) (0.9770992366412213, 1.0)]
 [(0, 2, 4, 5, 6) (0.9770992366412213, 1.0)]
 [(0, 1, 4, 5, 7) (0.9847328244274809, 1.0)]
 [(0, 1, 4, 7, 9) (0.9847328244274809, 1.0)]]

Len result: 252

Time: 302.85102701187134 seconds

Warning! cup_flag = False