1. -----------------------------
svc = svm.SVC(kernel='rbf')
classes = '0, 1, 2, 3, 4, 5, 6, 7, 8, 9'
combinations_len = 5
--------- Резуультат -----------
[[('Max-Abs Scaler', (1, 2, 4, 6, 7))
  (1.0, 0.9618320610687023, -2.4844648838043213)]
 [('Max-Abs Scaler', (0, 4, 6, 7, 9))
  (1.0, 0.9618320610687023, -2.406336784362793)]
 [('Min-Max Scaler', (0, 4, 6, 7, 8))
  (1.0, 0.9618320610687023, -2.125075340270996)]
 [('Max-Abs Scaler', (0, 4, 5, 6, 7))
  (1.0, 0.9694656488549618, -2.4375855922698975)]
 [('Max-Abs Scaler', (0, 1, 4, 6, 9))
  (1.0, 0.9694656488549618, -2.3594624996185303)]
 [('Max-Abs Scaler', (0, 2, 5, 6, 7))
  (1.0, 0.9694656488549618, -2.2032036781311035)]
 [('Min-Max Scaler', (0, 1, 5, 6, 7))
  (1.0, 0.9694656488549618, -1.9844458103179932)]
 [('Max-Abs Scaler', (0, 1, 4, 5, 6))
  (1.0, 0.9770992366412213, -1.9688224792480469)]
 [('Max-Abs Scaler', (0, 2, 4, 6, 7))
  (1.0, 0.9847328244274809, -2.3438358306884766)]
 [('Min-Max Scaler', (0, 1, 4, 6, 7))
  (1.0, 0.9923664122137404, -1.953193187713623)]]

2. -----------------------------
svc = svm.SVC(kernel='rbf')
classes = '0, 1, 2, 3, 4, 5, 6, 7, 8, 9'
combinations_len = 6
--------- Резуультат -----------
[[('Min-Max Scaler', (0, 1, 2, 3, 6, 8))
  (1.0, 0.9044585987261147, -4.062646150588989)]
 [('Min-Max Scaler', (0, 2, 4, 5, 6, 8))
  (1.0, 0.9044585987261147, -4.00014591217041)]
 [('Min-Max Scaler', (0, 1, 2, 6, 7, 8))
  (1.0, 0.9044585987261147, -3.265740394592285)]
 [('Min-Max Scaler', (0, 3, 4, 5, 6, 8))
  (1.0, 0.910828025477707, -4.2345287799835205)]
 [('Min-Max Scaler', (0, 1, 4, 6, 7, 8))
  (1.0, 0.9235668789808917, -4.250153541564941)]
 [('Min-Max Scaler', (0, 2, 4, 6, 7, 8))
  (1.0, 0.9235668789808917, -4.109523057937622)]
 [('Min-Max Scaler', (0, 1, 2, 4, 7, 9))
  (1.0, 0.9235668789808917, -3.6095051765441895)]
 [('Min-Max Scaler', (0, 2, 4, 6, 7, 9))
  (1.0, 0.9299363057324841, -3.92201828956604)]
 [('Min-Max Scaler', (0, 1, 4, 6, 7, 9))
  (1.0, 0.9299363057324841, -3.8595142364501953)]
 [('Min-Max Scaler', (0, 1, 2, 4, 5, 6))
  (1.0, 0.9617834394904459, -3.359495162963867)]]

3. -----------------------------
svc = svm.SVC(kernel='linear')
classes = '0, 1, 2, 3, 4, 5, 6, 7, 8, 9'
combinations_len = 5
--------- Резуультат -----------
[[('Min-Max Scaler', (0, 4, 5, 6, 7))
  (1.0, 0.9312977099236641, -1.4063000679016113)]
 [('Standard Scaler', (1, 2, 4, 6, 7))
  (1.0, 0.9389312977099237, -1.8438186645507812)]
 [('Min-Max Scaler', (2, 4, 5, 6, 7))
  (1.0, 0.9389312977099237, -1.8281891345977783)]
 [('Yeo-Johnson Power Transformer', (0, 1, 4, 5, 6))
  (1.0, 0.9465648854961832, -2.437589168548584)]
 [('Standard Scaler', (1, 4, 5, 6, 7))
  (1.0, 0.9465648854961832, -1.5156795978546143)]
 [('Max-Abs Scaler', (0, 2, 5, 6, 7))
  (1.0, 0.9465648854961832, -1.3437983989715576)]
 [('Yeo-Johnson Power Transformer', (0, 1, 5, 6, 7))
  (1.0, 0.9541984732824428, -2.6094706058502197)]
 [('Yeo-Johnson Power Transformer', (0, 1, 4, 5, 7))
  (1.0, 0.9541984732824428, -2.39070987701416)]
 [('Standard Scaler', (0, 2, 4, 6, 7))
  (1.0, 0.9618320610687023, -1.5469295978546143)]
 [('Standard Scaler', (0, 1, 4, 6, 7))
  (1.0, 0.9770992366412213, -1.1406686305999756)]]

4. -----------------------------
svc = svm.SVC(kernel='linear')
classes = '0, 1, 2, 3, 4, 5, 6, 7, 8, 9'
combinations_len = 6
--------- Резуультат -----------
[[('Quantile Transformer (Normal)', (0, 1, 3, 4, 6, 7))
  (1.0, 0.8980891719745223, -3.265742301940918)]
 [('Standard Scaler', (1, 2, 4, 6, 7, 9))
  (1.0, 0.8980891719745223, -2.500089406967163)]
 [('Robust Scaler', (0, 1, 4, 6, 7, 8))
  (1.0, 0.8980891719745223, -2.484464168548584)]
 [('Standard Scaler', (0, 2, 3, 4, 5, 6))
  (1.0, 0.9044585987261147, -2.5469682216644287)]
 [('Standard Scaler', (0, 1, 2, 4, 6, 7))
  (1.0, 0.9044585987261147, -1.8750665187835693)]
 [('Standard Scaler', (0, 2, 4, 5, 6, 7))
  (1.0, 0.910828025477707, -2.406337261199951)]
 [('Yeo-Johnson Power Transformer', (0, 1, 2, 4, 5, 7))
  (1.0, 0.9171974522292994, -3.250117778778076)]
 [('Standard Scaler', (0, 1, 2, 4, 5, 6))
  (1.0, 0.9171974522292994, -1.9375672340393066)]
 [('Yeo-Johnson Power Transformer', (0, 1, 3, 4, 5, 6))
  (1.0, 0.9426751592356688, -3.500126838684082)]
 [('Yeo-Johnson Power Transformer', (0, 1, 4, 5, 6, 7))
  (1.0, 0.9490445859872612, -3.593883514404297)]]

5. -----------------------------
svc = svm.SVC(kernel='poly')
classes = '0, 1, 2, 3, 4, 5, 6, 7, 8, 9'
combinations_len = 5
--------- Резуультат -----------
[[('Max-Abs Scaler', (0, 2, 5, 6, 7))
  (1.0, 0.9465648854961832, -1.4531781673431396)]
 [('Standard Scaler', (0, 1, 4, 5, 7))
  (1.0, 0.9465648854961832, -1.390676736831665)]
 [('Yeo-Johnson Power Transformer', (0, 1, 5, 6, 7))
  (1.0, 0.9541984732824428, -2.968857526779175)]
 [('Standard Scaler', (0, 3, 4, 5, 6))
  (1.0, 0.9618320610687023, -2.046950340270996)]
 [('Max-Abs Scaler', (1, 2, 4, 5, 6))
  (1.0, 0.9618320610687023, -1.7813138961791992)]
 [('Max-Abs Scaler', (0, 2, 4, 5, 7))
  (1.0, 0.9618320610687023, -1.6094343662261963)]
 [('Min-Max Scaler', (0, 2, 4, 6, 7))
  (1.0, 0.9618320610687023, -1.5781807899475098)]
 [('Max-Abs Scaler', (0, 2, 4, 5, 6))
  (1.0, 0.9618320610687023, -1.5313045978546143)]
 [('Standard Scaler', (0, 1, 4, 6, 7))
  (1.0, 0.9770992366412213, -1.3906779289245605)]
 [('Max-Abs Scaler', (0, 1, 4, 5, 6))
  (1.0, 0.9923664122137404, -1.1406669616699219)]]

6. -----------------------------
svc = svm.SVC(kernel='poly')
classes = '0, 1, 2, 3, 4, 5, 6, 7, 8, 9'
combinations_len = 6
--------- Резуультат -----------
[[('Quantile Transformer (Normal)', (0, 1, 4, 5, 6, 9))
  (1.0, 0.9235668789808917, -4.234526872634888)]
 [('Normalizer', (1, 4, 5, 6, 7, 9))
  (1.0, 0.9235668789808917, -3.062608003616333)]
 [('Yeo-Johnson Power Transformer', (0, 2, 3, 4, 5, 6))
  (1.0, 0.9363057324840764, -4.562664747238159)]
 [('Normalizer', (0, 1, 2, 3, 5, 6))
  (1.0, 0.9363057324840764, -2.7188477516174316)]
 [('Max-Abs Scaler', (1, 2, 4, 5, 6, 7))
  (1.0, 0.9363057324840764, -2.687598943710327)]
 [('Max-Abs Scaler', (0, 1, 2, 5, 6, 7))
  (1.0, 0.9363057324840764, -1.9531939029693604)]
 [('Normalizer', (0, 1, 2, 4, 5, 6))
  (1.0, 0.9490445859872612, -2.6563456058502197)]
 [('Min-Max Scaler', (0, 2, 4, 5, 6, 7))
  (1.0, 0.9490445859872612, -2.515716791152954)]
 [('Max-Abs Scaler', (0, 1, 3, 4, 5, 6))
  (1.0, 0.9490445859872612, -1.9531941413879395)]
 [('Normalizer', (0, 1, 4, 5, 6, 7))
  (1.0, 0.9936305732484076, -2.9532310962677)]]

7. -----------------------------
svc = svm.SVC(kernel='sigmoid')
classes = '0, 1, 2, 3, 4, 5, 6, 7, 8, 9'
combinations_len = 5
--------- Резуультат -----------
[[('Max-Abs Scaler', (0, 5, 6, 7, 8))
  (0.8560606060606061, 0.7709923664122137, -3.3751206398010254)]
 [('Max-Abs Scaler', (0, 1, 3, 5, 6))
  (0.8560606060606061, 0.8396946564885496, -2.7032222747802734)]
 [('Max-Abs Scaler', (0, 1, 2, 5, 6))
  (0.8560606060606061, 0.8473282442748091, -2.750098705291748)]
 [('Max-Abs Scaler', (0, 4, 6, 7, 8))
  (0.8674242424242424, 0.8320610687022901, -3.3282477855682373)]
 [('Max-Abs Scaler', (1, 4, 6, 7, 9))
  (0.8712121212121212, 0.8931297709923665, -3.500126361846924)]
 [('Max-Abs Scaler', (0, 1, 5, 6, 7))
  (0.8712121212121212, 0.9083969465648855, -2.9532320499420166)]
 [('Max-Abs Scaler', (0, 1, 4, 5, 7))
  (0.875, 0.8396946564885496, -2.7657246589660645)]
 [('Max-Abs Scaler', (0, 4, 5, 6, 7))
  (0.8825757575757576, 0.8854961832061069, -3.5001277923583984)]
 [('Max-Abs Scaler', (0, 1, 4, 6, 7))
  (0.8863636363636364, 0.9389312977099237, -2.656346082687378)]
 [('Max-Abs Scaler', (0, 1, 4, 5, 6))
  (0.8939393939393939, 0.8625954198473282, -2.6563456058502197)]]

8. -----------------------------
svc = svm.SVC(kernel='sigmoid')
classes = '0, 1, 2, 3, 4, 5, 6, 7, 8, 9'
combinations_len = 6
--------- Резуультат -----------
[[('Max-Abs Scaler', (0, 1, 4, 5, 7, 9))
  (0.8012618296529969, 0.7515923566878981, -5.3283162117004395)]
 [('Max-Abs Scaler', (0, 1, 2, 5, 6, 7))
  (0.807570977917981, 0.7643312101910829, -5.125185489654541)]
 [('Max-Abs Scaler', (0, 1, 4, 5, 6, 9))
  (0.807570977917981, 0.7834394904458599, -5.093933820724487)]
 [('Max-Abs Scaler', (1, 4, 5, 6, 7, 9))
  (0.8170347003154574, 0.8280254777070064, -4.672043561935425)]
 [('Max-Abs Scaler', (0, 3, 4, 5, 6, 8))
  (0.8233438485804416, 0.7643312101910829, -5.218936204910278)]
 [('Max-Abs Scaler', (0, 1, 2, 4, 5, 6))
  (0.8233438485804416, 0.7770700636942676, -4.156398773193359)]
 [('Max-Abs Scaler', (0, 1, 3, 4, 6, 7))
  (0.8264984227129337, 0.7388535031847133, -5.078309774398804)]
 [('Max-Abs Scaler', (0, 1, 2, 4, 6, 7))
  (0.8422712933753943, 0.7515923566878981, -4.5157904624938965)]
 [('Max-Abs Scaler', (0, 1, 4, 5, 6, 7))
  (0.8517350157728707, 0.8471337579617835, -5.109560966491699)]
 [('Max-Abs Scaler', (0, 4, 5, 6, 7, 8))
  (0.8738170347003155, 0.8280254777070064, -5.42207145690918)]]



Доп. ====================================

9. -----------------------------
svc = svm.SVC(kernel='poly')
classes = '0, 1, 2, 3, 4, 5, 6, 7, 8, 9'
combinations_len = 7
--------- Резуультат -----------
[[('Max-Abs Scaler', (1, 2, 3, 4, 5, 6, 9))
  (1.0, 0.8852459016393442, -4.2032787799835205)]
 [('Standard Scaler', (0, 1, 2, 3, 4, 5, 6))
  (1.0, 0.8852459016393442, -3.2344939708709717)]
 [('Max-Abs Scaler', (0, 1, 4, 5, 6, 7, 8))
  (1.0, 0.8852459016393442, -3.0782358646392822)]
 [('Standard Scaler', (0, 2, 3, 4, 5, 6, 7))
  (1.0, 0.8907103825136612, -3.9845190048217773)]
 [('Max-Abs Scaler', (0, 1, 2, 4, 5, 6, 9))
  (1.0, 0.8907103825136612, -2.9844837188720703)]
 [('Standard Scaler', (0, 2, 3, 4, 5, 6, 8))
  (1.0, 0.8961748633879781, -4.047020673751831)]
 [('Min-Max Scaler', (0, 1, 2, 3, 5, 6, 7))
  (1.0, 0.8961748633879781, -2.906355857849121)]
 [('Standard Scaler', (1, 2, 4, 5, 6, 7, 9))
  (1.0, 0.9016393442622951, -4.093899965286255)]
 [('Min-Max Scaler', (0, 1, 2, 3, 4, 6, 7))
  (1.0, 0.907103825136612, -3.0313591957092285)]
 [('Standard Scaler', (0, 1, 2, 4, 5, 6, 7))
  (1.0, 0.912568306010929, -3.1563644409179688)]]